# The format of each line is:
#     filename left-eye right-eye nose left-corner-mouth center-mouth right-corner-mouth
# For each feature on a face to be detected, two numbers are given.
# These numbers are the x and y coordinates (measured from the upper left corner) of the feature in the image.
# (Rowley, Baluja, Kanade; CMU)
test
    voyager.gif 122 43 137 47 129 54 123 59 128 60 133 62
    voyager.gif 191 54 204 56 197 63 192 69 197 69 201 70
    voyager.gif 302 64 314 60 307 67 306 74 310 73 314 72
    voyager.gif 390 31 405 28 398 39 393 46 399 44 404 44
    voyager.gif 257 196 271 198 264 204 257 211 263 210 269 212
    voyager.gif 306 181 320 180 314 187 309 193 313 192 317 193
    voyager.gif 144 439 161 440 153 450 146 458 152 458 158 459
    voyager.gif 252 464 270 463 262 473 256 481 262 479 267 479
    voyager.gif 345 439 363 437 356 449 351 456 356 455 362 455
    puneet.gif 59 136 74 136 68 146 62 150 67 150 73 151
    puneet.gif 130 116 142 116 136 123 131 129 137 129 142 130
    puneet.gif 125 161 140 161 133 169 127 174 132 176 139 174
    puneet.gif 164 150 176 152 170 159 162 163 168 165 173 164
    puneet.gif 208 153 221 153 215 161 211 165 216 166 221 164
    puneet.gif 250 147 262 149 256 154 249 158 254 159 260 160
    puneet.gif 283 138 293 138 287 143 282 149 287 149 291 149
    puneet.gif 325 126 336 128 329 134 323 137 329 139 333 138
    puneet.gif 297 173 308 173 303 180 298 185 304 186 308 184
    puneet.gif 357 157 368 156 363 164 358 170 363 170 368 169
    puneet.gif 381 156 392 153 389 162 386 168 391 167 395 164
    puneet.gif 401 128 411 127 406 132 402 139 406 138 411 137
    puneet.gif 419 144 432 144 425 150 421 156 425 156 431 156
    puneet.gif 489 136 504 135 496 144 492 148 497 151 502 148
    people.gif 88 100 112 102 98 113 90 118 98 120 106 119
    people.gif 213 108 231 112 220 121 211 127 218 128 224 129
    people.gif 271 107 288 105 280 117 276 123 282 123 287 121
    people.gif 337 129 349 129 344 139 340 144 345 144 349 141
    people.gif 416 118 427 118 421 126 415 131 421 133 427 132
    people.gif 480 121 495 121 488 128 482 135 487 136 494 134
    people.gif 545 101 560 103 552 111 546 119 552 121 559 120
    people.gif 629 129 649 127 640 139 632 143 640 144 646 142
    people.gif 209 219 229 220 218 233 211 241 219 241 226 242
    people.gif 338 252 354 254 345 263 338 268 344 271 350 270
    people.gif 508 259 527 260 518 270 511 278 517 279 525 280
    people.gif 615 240 631 240 622 251 616 256 622 258 628 257
    boat.gif 336 231 352 230 344 243 337 246 343 249 351 247
    boat.gif 494 231 511 230 504 241 497 246 504 248 513 244
    cnn1630.gif 152 75 164 74 159 83 155 89 160 88 166 86
    cnn1160.gif 74 65 82 62 79 69 77 73 81 73 84 71
    cnn1160.gif 160 60 167 57 165 63 163 67 167 67 170 65
    cnn2600.gif 145 86 177 87 157 107 147 123 156 123 166 123
    cnn1714.gif 114 109 151 106 130 145 120 159 132 160 154 155
    cnn2221.gif 127 72 153 68 143 89 137 99 145 99 156 96
    cnn1260.gif 123 89 169 84 152 114 139 139 157 137 171 136
    knex37.gif 182 79 208 80 195 95 186 101 194 100 200 101
    life2100.gif 63 154 74 154 68 160 63 165 68 165 74 165
    life2100.gif 111 203 124 204 116 211 110 216 115 217 121 217
    life2100.gif 152 190 163 190 158 199 151 205 157 207 164 203
    knex0.gif 68 86 101 88 83 110 70 120 82 123 96 122
    cnn1085.gif 136 85 166 86 155 113 135 121 149 124 162 123
    cnn2020.gif 127 88 179 89 158 119 135 143 157 142 172 142
    life7422.gif 75 75 91 77 81 84 76 91 82 91 88 91
    eugene.gif 114 200 163 199 135 234 124 247 136 249 153 250
    next.gif 76 19 90 20 83 28 78 34 84 35 88 33
    next.gif 143 33 155 34 149 43 144 48 149 49 154 48
    next.gif 219 56 229 55 224 61 220 67 224 68 228 67
    next.gif 289 52 302 51 294 58 290 66 295 66 300 65
    next.gif 355 31 367 31 360 38 356 44 361 45 366 43
    next.gif 93 164 107 164 101 171 94 177 100 177 105 177
    next.gif 186 143 200 142 193 152 186 157 192 157 199 158
    next.gif 278 150 291 149 285 159 279 165 285 165 289 164
    ds9.gif 49 130 72 132 62 147 53 155 59 156 65 157
    ds9.gif 106 41 127 41 115 52 110 61 117 61 125 62
    ds9.gif 162 108 183 111 171 122 165 131 171 131 176 131
    ds9.gif 215 51 232 56 222 67 215 73 220 75 226 76
    ds9.gif 299 79 319 79 307 93 300 102 306 103 313 103
    ds9.gif 403 164 423 167 409 181 402 186 408 190 417 188
    ds9.gif 479 119 496 121 486 133 480 141 485 141 491 143
    ds9.gif 569 137 589 139 577 152 570 159 576 160 583 161
    baseball.gif 90 43 115 42 104 59 95 70 105 70 113 69
    book.gif 95 385 109 385 103 395 96 400 101 402 106 401
    book.gif 174 377 187 377 179 387 175 392 181 392 187 392
    tammy.gif 117 157 141 155 129 171 123 181 131 180 139 178
    original1.gif 33 47 45 48 39 54 35 59 39 60 45 59
    original1.gif 122 53 131 51 127 59 124 64 128 64 133 62
    original1.gif 93 109 105 108 98 116 94 120 98 120 103 121
    original1.gif 164 78 174 79 168 86 164 91 169 91 173 91
    original1.gif 203 117 212 115 208 124 203 128 209 130 213 127
    original1.gif 321 60 330 59 325 65 322 70 326 70 330 68
    original1.gif 327 89 339 89 333 98 329 105 334 105 338 104
    original1.gif 381 38 390 36 386 43 382 50 387 48 393 47
    original2.gif 65 367 96 366 83 390 70 402 81 401 93 401
    original2.gif 208 352 242 352 223 377 214 390 224 390 236 391
    original2.gif 364 259 398 256 380 285 373 300 382 299 394 298
    original2.gif 573 216 608 214 589 243 580 259 591 258 603 257
    original2.gif 478 124 509 120 495 141 488 154 497 153 509 150
    original2.gif 290 180 322 179 307 198 294 210 304 212 322 209
    original2.gif 141 192 171 193 156 215 145 226 155 226 168 227
    voyager2.gif 64 155 93 158 77 177 67 190 77 190 87 192
    voyager2.gif 176 169 204 170 190 189 180 199 190 200 200 202
    voyager2.gif 355 63 381 64 369 81 357 94 368 93 379 94
    voyager2.gif 535 113 567 112 549 130 541 142 550 142 559 142
    voyager2.gif 271 229 299 230 285 248 276 258 285 258 294 259
    voyager2.gif 437 204 465 204 452 219 446 233 453 231 460 232
    voyager2.gif 161 289 193 292 176 311 164 323 175 322 184 324
    voyager2.gif 347 325 378 325 363 344 354 356 363 355 373 354
    voyager2.gif 528 313 557 312 542 335 535 346 542 346 551 346
    plays.gif 47 594 97 588 79 628 57 646 79 651 101 642
    plays.gif 335 95 352 97 342 106 333 110 342 114 348 112
    plays.gif 407 116 422 118 413 124 408 131 415 131 421 131
    plays.gif 490 97 505 93 498 104 495 110 500 110 504 107
    lacrosse.gif 94.5 46.5 116 46 105 57 98.5 66.5 105.5 65.5 113 65.5
    hendrix2.gif 46.5 67.5 76 66.5 61.5 87 52 97 59.5 99 69 97.5
    judybats.gif 47 399 78 398 60 419 51 428 62 429 77 430
    judybats.gif 152 263 236 257 173 315 160 358 181 354 210 356
    judybats.gif 377 412 393 414 383 420 378 425 384 425 391 426
    judybats.gif 442 345 482 344 459 376 446 391 460 391 474 390
    judybats.gif 637 447 661 442 651 458 645 469 651 466 660 465
    mom-baby.gif 67 64 107 57 90 82 80 97 93 93 106 90
    mom-baby.gif 136 175 170 183 149 197 136 206 143 207 154 209
    kaari-stef.gif 78 115 127 105 119 145 100 165 122 165 138 153
    kaari-stef.gif 303 116 348 109 330 140 314 157 332 154 350 151
    kaari1.gif 93 155 148 145 126 193 113 212 132 215 158 200
    kaari2.gif 125 57 165 59 148 86 130 101 145 105 159 100
    shumeet.gif 188 102 216 106 202 123 191 130 202 130 210 131
    aerosmith-double.gif 94 138 117 138 108 152 98 161 107 161 115 162
    aerosmith-double.gif 114 32 134 31 125 45 117 54 124 53 132 53
    aerosmith-double.gif 167 110 187 108 176 123 171 133 176 131 183 134
    aerosmith-double.gif 235 57 254 54 244 67 239 77 245 77 252 77
    aerosmith-double.gif 282 126 303 126 293 141 286 150 292 149 298 151
    pace-university-double.gif 20 108 40 106 33 120 26 129 33 130 40 128
    pace-university-double.gif 168 94 186 101 173 111 163 115 170 120 177 119
    pace-university-double.gif 249 131 271 133 259 146 248 150 257 153 264 153
    pace-university-double.gif 367 98 389 102 375 110 365 117 372 120 381 120
    pace-university-double.gif 465 108 489 106 478 121 469 129 477 131 488 128
    pace-university-double.gif 580 112 602 112 591 122 582 131 591 133 599 129
    pace-university-double.gif 699 103 721 102 711 117 703 126 713 129 723 124
    pace-university-double.gif 788 124 810 119 802 134 792 144 800 144 806 142
    hendrix1-bigger.gif 132 79 156 81 144 98 137 109 145 109 152 109
    hendrix1-bigger.gif 71 372 83 370 77 379 75 385 80 385 84 383
    hendrix1-bigger.gif 130 367 147 369 138 380 131 386 136 388 143 388
    hendrix1-bigger.gif 173 374 183 374 177 381 174 388 178 388 183 388
    hendrix1-bigger.gif 57 640 71 638 64 649 59 655 64 654 69 654
    hendrix1-bigger.gif 126 626 142 625 134 637 128 645 135 645 140 644
    hendrix1-bigger.gif 173 629 185 627 179 635 174 643 179 642 183 641
    hendrix1-bigger.gif 334 114 347 114 341 123 340 129 345 129 348 127
    hendrix1-bigger.gif 390 82 402 81 397 88 393 95 398 95 402 94
    hendrix1-bigger.gif 462 93 477 93 469 105 460 110 467 112 473 112
    hendrix1-bigger.gif 328 383 339 381 335 391 334 398 337 396 342 395
    hendrix1-bigger.gif 388 350 400 350 395 357 390 364 395 364 400 364
    hendrix1-bigger.gif 459 358 473 359 465 371 458 378 464 378 470 379
    hendrix1-bigger.gif 336 653 351 648 347 660 346 668 351 666 355 663
    hendrix1-bigger.gif 386 628 398 629 393 636 387 642 393 643 398 642
    hendrix1-bigger.gif 462 620 476 623 469 632 462 638 467 640 473 640
    hendrix1-bigger.gif 595 118 609 116 604 127 602 132 607 133 612 131
    hendrix1-bigger.gif 648 98 662 99 655 105 651 112 655 112 660 112
    hendrix1-bigger.gif 719 90 733 93 727 103 719 110 726 110 731 110
    hendrix1-bigger.gif 587 373 605 375 596 387 588 392 595 395 602 394
    hendrix1-bigger.gif 652 358 673 359 663 370 657 377 664 378 670 377
    hendrix1-bigger.gif 705 371 723 371 713 381 709 387 713 387 718 387
    hendrix1-bigger.gif 588 633 604 634 596 645 588 651 595 652 600 651
    hendrix1-bigger.gif 650 616 669 617 659 628 654 637 659 636 665 637
    hendrix1-bigger.gif 711 627 725 626 717 637 713 643 717 643 722 643
    blues-double.gif 108 42 127 43 118 54 110 64 118 64 125 66
    blues-double.gif 184 82 201 83 193 91 187 102 193 102 199 102
    blues-double.gif 272 60 290 61 280 70 275 78 281 79 287 79
    blues-double.gif 360 41 379 41 366 52 362 62 368 63 375 62
    music-groups-double.gif 33 146 53 145 46 158 40 167 45 167 51 167
    music-groups-double.gif 81 119 100 122 89 132 82 138 88 139 93 141
    music-groups-double.gif 141 92 160 91 150 105 144 113 151 113 156 113
    music-groups-double.gif 257 94 277 94 266 104 261 111 267 111 273 111
    music-groups-double.gif 338 254 366 252 353 272 343 283 352 283 361 283
    music-groups-double.gif 471 220 492 213 484 234 481 243 486 241 496 239
    music-groups-double.gif 433 324 462 323 449 346 442 357 452 358 461 355
    music-groups-double.gif 570 251 595 247 582 269 577 279 585 279 590 276
    henry.gif 173 167 283 156 230 225 156 257 238 288 328 234
    henry.gif 468 80 520 79 489 107 460 128 490 134 522 125
    henry.gif 476 240 515 238 495 266 480 287 499 285 516 281
    henry.gif 367 389 420 386 395 418 377 435 395 438 417 431

# (Sung, Poggio; MIT)
test-low
    Arsenal.gif 77 60 90 58 85 66 82 73 86 73 91 72
    Arsenal.gif 60 103 73 104 65 112 60 118 65 120 70 120
    Arsenal.gif 136 47 151 47 144 59 137 65 143 67 147 65
    Arsenal.gif 195 64 206 64 202 72 196 81 202 79 207 77
    Arsenal.gif 234 91 249 88 241 98 238 108 243 105 249 105
    Arsenal.gif 281 72 295 71 289 81 283 90 289 90 295 88
    Arsenal.gif 319 44 335 40 327 51 324 61 329 59 333 58
    Arsenal.gif 377 39 391 38 385 47 379 56 385 55 391 54
    Arsenal.gif 444 25 458 24 451 34 446 42 452 42 457 42
    Arsenal.gif 175 186 192 187 183 198 177 207 183 207 189 208
    Arsenal.gif 251 181 267 179 260 190 254 198 260 198 265 198
    Arsenal.gif 361 159 374 159 367 167 364 174 369 174 376 173
    Arsenal.gif 461 170 477 171 468 182 464 188 469 189 474 188
    Arsenal.gif 541 188 557 189 548 198 542 207 548 208 555 208
    Arsenal.gif 608 190 615 194 609 202 605 208 610 210 615 210
    Arsenal.gif 561 57 568 56 566 67 565 73 569 72 573 71
    Argentina.gif 43 63 59 61 53 73 45 80 52 80 58 80
    Argentina.gif 137 56 154 56 145 65 138 71 145 72 151 71
    Argentina.gif 239 56 255 56 246 66 241 72 248 72 255 70
    Argentina.gif 342 44 357 44 350 53 343 60 351 60 355 60
    Argentina.gif 442 65 457 64 450 71 445 79 450 79 455 79
    Argentina.gif 533 53 547 52 540 63 536 69 542 70 547 68
    Argentina.gif 55 213 70 213 62 226 56 231 62 231 69 231
    Argentina.gif 158 210 175 210 168 222 159 227 167 227 173 227
    Argentina.gif 292 221 307 221 300 232 295 240 300 240 305 239
    Argentina.gif 412 210 427 209 420 223 414 229 420 229 425 228
    Argentina.gif 547 207 563 208 554 218 549 224 555 224 560 224
    Brazil.gif 30 70 44 71 37 79 32 85 38 86 42 85
    Brazil.gif 117 72 129 73 123 81 118 88 123 89 127 89
    Brazil.gif 214 50 226 49 221 57 217 65 222 64 228 64
    Brazil.gif 333 46 346 46 340 55 334 61 339 60 345 61
    Brazil.gif 453 56 465 56 459 62 456 70 461 70 465 70
    Brazil.gif 539 69 551 70 544 77 542 85 549 85 555 85
    Brazil.gif 93 173 106 174 99 183 92 189 99 192 104 190
    Brazil.gif 214 194 229 193 221 206 215 213 220 213 224 213
    Brazil.gif 343 185 356 185 349 196 344 202 350 202 355 202
    Brazil.gif 475 196 487 196 482 206 476 211 482 212 488 212
    Brazil.gif 597 198 613 199 604 208 598 214 604 215 609 213
    USA.gif 57 84 69 83 64 92 58 99 64 98 71 99
    USA.gif 169 93 181 94 175 102 169 108 175 108 181 109
    USA.gif 277 97 288 96 284 105 279 114 284 112 289 114
    USA.gif 384 97 395 97 390 106 386 111 392 111 396 112
    USA.gif 475 85 486 84 481 93 476 100 482 99 487 99
    USA.gif 560 82 572 81 568 90 562 97 567 97 572 95
    USA.gif 39 261 52 261 45 270 44 276 48 276 53 276
    USA.gif 147 257 159 256 154 264 151 270 156 270 160 268
    USA.gif 266 240 279 239 273 249 267 255 272 255 278 255
    USA.gif 404 243 416 241 411 251 405 257 412 257 418 257
    USA.gif 515 240 526 240 521 249 516 254 522 254 528 255
    USA.gif 69 366 89 365 81 382 72 396 83 397 89 393
    USA.gif 130 368 153 368 141 380 134 391 142 390 150 390
    USA.gif 198 375 225 374 213 387 207 398 214 400 224 398
    Colombia.gif 50 83 63 82 56 90 51 97 57 97 63 97
    Colombia.gif 159 70 173 68 166 77 162 84 167 84 174 84
    Colombia.gif 271 56 285 55 278 63 271 69 277 69 282 69
    Colombia.gif 390 62 402 61 397 69 393 76 398 75 404 75
    Colombia.gif 510 77 522 76 515 83 508 91 516 91 522 90
    Colombia.gif 591 77 606 73 599 83 593 90 598 90 605 90
    Colombia.gif 118 228 133 226 125 234 119 241 127 241 133 243
    Colombia.gif 232 216 247 215 240 227 236 233 242 232 248 232
    Colombia.gif 340 179 355 179 348 189 341 196 348 196 354 196
    Colombia.gif 455 226 471 224 461 236 455 243 463 243 469 242
    Colombia.gif 560 223 575 221 568 232 563 239 568 239 574 238
    Ecuador.gif 84 85 97 84 91 92 87 98 92 98 97 98
    Ecuador.gif 181 86 193 85 188 93 184 99 189 100 193 100
    Ecuador.gif 284 80 298 80 292 89 285 94 292 94 297 95
    Ecuador.gif 380 82 394 82 387 88 380 95 387 96 392 95
    Ecuador.gif 463 87 475 86 469 94 464 100 470 102 475 100
    Ecuador.gif 544 92 557 92 551 99 546 107 552 105 557 105
    Ecuador.gif 9 188 23 189 17 199 11 204 17 206 23 204
    Ecuador.gif 114 214 130 213 122 223 116 230 121 230 128 230
    Ecuador.gif 214 229 227 227 223 238 221 245 227 244 232 241
    Ecuador.gif 332 219 348 217 341 230 336 238 342 237 347 236
    Ecuador.gif 463 215 477 213 471 225 465 230 471 230 477 228
    Ecuador.gif 585 237 597 237 591 247 586 254 592 253 597 252
    me.gif 145 42 159 41 152 51 147 58 153 59 158 58
    England.gif 26 62 39 63 32 70 27 75 32 76 38 76
    England.gif 115 80 131 81 122 89 117 94 124 96 129 96
    England.gif 215 75 229 74 221 83 217 91 222 90 228 91
    England.gif 317 60 331 59 324 67 319 76 324 75 332 74
    England.gif 429 49 443 48 434 58 430 65 436 65 443 65
    England.gif 546 77 559 77 554 85 549 92 554 92 560 91
    England.gif 33 234 47 233 42 243 36 250 41 250 47 250
    England.gif 155 250 170 248 163 259 157 265 163 265 168 263
    England.gif 262 247 277 247 268 257 264 266 270 266 276 263
    England.gif 410 253 428 252 420 264 414 272 420 272 426 271
    England.gif 545 254 561 254 552 263 546 271 553 271 558 271
    tp.gif 35.5 61 60.5 58.5 48 79 40 87 50 88 61 84
    Germany.gif 29 68 44 67 36 77 31 84 37 84 43 84
    Germany.gif 131 87 144 85 138 95 134 102 139 101 145 101
    Germany.gif 244 60 257 60 250 67 243 73 251 75 259 74
    Germany.gif 366 72 379 72 373 79 367 85 374 86 378 85
    Germany.gif 467 79 480 78 474 88 470 93 476 93 481 93
    Germany.gif 578 88 593 88 586 97 583 105 589 104 594 103
    Germany.gif 36 239 50 239 42 249 37 257 43 257 49 257
    Germany.gif 162 237 175 236 167 249 161 257 167 257 174 256
    Germany.gif 309 236 323 237 316 246 309 252 316 254 325 254
    Germany.gif 453 252 470 252 461 262 456 269 462 269 468 270
    Germany.gif 594 245 609 246 602 255 596 263 601 263 608 262
    albert.gif 71 31.5 91 31 82.5 44.5 73 52.5 81.5 51.5 88.5 51.5
    board.gif 201 175 216 174 209 185 202 192 209 193 215 193
    board.gif 224 266 243 267 235 278 229 286 235 286 241 287
    board.gif 242 337 261 335 251 346 243 355 250 356 256 357
    board.gif 315 198 334 197 324 213 315 220 324 223 333 221
    board.gif 311 267 325 267 318 279 311 285 318 288 324 286
    board.gif 318 330 338 328 329 343 321 351 328 354 335 353
    board.gif 384 200 403 201 392 213 388 219 394 222 402 217
    board.gif 384 271 402 269 392 285 384 292 393 294 404 290
    board.gif 386 327 403 326 394 336 385 345 395 346 404 344
    brian.gif 56 39 73.5 38.5 63 51.5 58 58 64 58 72 58.5
    cards-perp-sml.gif 73 159 87 159 78 165 74 171 81 172 85 173
    cards-perp-sml.gif 163 158 173 157 166 164 161 170 166 171 171 170
    cards-perp-sml.gif 239 158 250 156 245 164 239 169 246 169 250 168
    cards-perp-sml.gif 106 87 118 86 110 95 106 99 111 100 115 100
    cards-perp-sml.gif 211 93 223 93 217 100 212 104 217 106 222 106
    cards-perp-sml.gif 77 36 88 35 83 41 78 47 83 49 88 46
    cards-perp-sml.gif 150 33 161 33 154 38 150 44 155 44 160 44
    cards-perp-sml.gif 233 31 246 31 239 35 233 42 239 43 244 43
    frisbee.gif 61 76 76 77 69 85 62 92 68 92 74 92
    frisbee.gif 105 102 124 99 115 110 110 118 116 118 123 114
    frisbee.gif 191 105 206 101 200 113 197 119 203 119 207 114
    frisbee.gif 228 105 243 102 235 114 230 122 238 121 245 117
    frisbee.gif 148 39 167 41 156 51 149 55 155 56 163 56
    kymberly.gif 49.5 43 75 42 60 60.5 53 66 62 69 75.5 65
    oksana1.gif 113 74 128 74 121 82 115 89 119 91 124 90
    oksana1.gif 168 80 179 80 174 86 170 92 174 93 179 93
    oksana1.gif 201 68 210 68 207 78 205 85 209 84 213 84
    soccer.gif 24 71 35 71 30 78 24 84 30 85 35 85
    soccer.gif 67 70 79 71 73 76 68 82 73 84 78 83
    soccer.gif 120 72 134 69 127 77 125 83 129 84 133 83
    soccer.gif 185 76 199 75 192 84 187 89 192 90 198 89
    soccer.gif 264 59 278 59 272 66 267 72 273 73 278 72
    soccer.gif 344 77 359 77 351 85 345 90 350 91 355 91
    soccer.gif 426 66 438 66 432 73 426 80 432 80 437 79
    soccer.gif 511 79 523 77 518 86 514 91 520 91 525 88
    soccer.gif 600 65 612 63 606 74 602 80 608 81 615 79
    soccer.gif 114 215 129 214 120 221 115 229 122 230 127 228
    soccer.gif 189 228 202 228 195 235 189 241 196 241 203 240
    soccer.gif 265 219 280 220 272 228 267 234 273 233 278 234
    soccer.gif 368 243 382 245 374 255 367 261 373 262 379 263
    soccer.gif 453 241 465 241 460 252 455 258 461 257 465 256
    soccer.gif 535 222 549 220 543 230 537 237 544 237 548 235
    tommyrw.gif 99 83 114 82 106 93 103 100 110 98 117 98
    torrance.gif 144 82 160 81 152 96 143 103 152 105 163 101
    torrance.gif 203 92 220 92 210 100 204 106 210 107 217 107
    trek-trio.gif 27 131 40 132 34 138 29 143 34 144 38 145
    trek-trio.gif 119 64 142 63 132 77 124 87 131 87 139 87
    trek-trio.gif 227 129 242 128 233 138 228 142 233 143 239 142
    trekcolr.gif 42 42.5 64 42 55 56.5 46.5 66 55 66.5 61.5 66
    trekcolr.gif 89 31.5 111 31.5 101.5 46.5 94.5 56.5 101.5 56 107.5 55
    trekcolr.gif 134 29 150 29 142 37.5 137 44.5 142.5 43.5 147.5 44
    tp-reza-girosi.gif 31 54 44 52 39 63 33 70 40 70 46 68
    tp-reza-girosi.gif 92 65 108 62 100 73 94 82 101 81 108 80
    tp-reza-girosi.gif 156 36 173 36 165 46 160 55 166 54 171 53
    oksana1.gif 135 72 146 72 141 78 136 85 140 85 146 86
    cards-perp-sml.gif 84 273 72 272 79 264 83 259 79 259 75 259
    cards-perp-sml.gif 158 278 147 277 154 269 157 265 155 265 151 265

# (Rowley, Baluja, Kanade; CMU)
newtest
    J-L_Picard.Baldy.gif 184 82 199 81 189 101 186 109 191 110 199 108
    addams-family.gif 92 522 113 526 104 536 95 543 101 544 107 545
    addams-family.gif 153 421 176 424 160 438 151 444 159 448 169 445
    addams-family.gif 341 194 364 193 352 209 344 216 351 216 360 216
    addams-family.gif 434 166 453 166 440 181 436 189 440 189 448 189
    addams-family.gif 727 107 751 103 738 123 734 133 740 133 747 132
    addams-family.gif 671 405 693 403 683 418 677 425 684 425 690 424
    addams-family.gif 749 570 775 571 758 586 751 591 758 592 766 592
    aeon1a.gif 197 138 264 139 219 175 204 201 222 198 245 202
    audrey1.gif 152 136 200 130 181 169 166 183 183 183 199 177
    audrey2.gif 92 190 170 189 138 254 106 270 137 273 161 267
    audrybt1.gif 140 53 160 52 151 64 145 71 151 71 158 70
    bksomels.gif 189 107 229 114 205 140 187 152 203 155 215 158
    bttf206.gif 246 149 296 146 280 176 259 201 279 199 294 201
    bttf301.gif 79 43 103 46 90 60 81 67 89 70 98 68
    bttf301.gif 149 111 170 111 157 124 152 131 158 131 165 132
    bttf301.gif 223 118 245 118 235 133 228 138 236 140 243 139
    bttf301.gif 341 62 363 60 351 76 344 84 351 86 359 84
    bttf301.gif 471 89 491 86 481 102 471 109 480 110 486 107
    bttf301.gif 520 141 542 139 529 151 522 160 530 160 538 160
    bwolen.gif 24 35 39 34 30 47 25 53 32 52 38 53
    cfb.gif 71 68 107 70 89 91 75 103 89 103 100 104
    clapton.gif 195 121 237 115 209 138 194 161 208 156 227 159
    class57.gif 111 518 128 518 121 530 114 537 120 537 127 535
    class57.gif 123 369 142 369 132 380 127 385 134 386 138 386
    class57.gif 175 315 189 317 183 324 173 329 179 330 185 331
    class57.gif 202 278 218 282 210 289 204 293 210 294 214 296
    class57.gif 158 245 173 243 166 253 162 260 167 259 171 259
    class57.gif 205 201 219 200 212 208 209 214 213 214 218 214
    class57.gif 233 424 251 428 241 437 233 445 239 445 246 447
    class57.gif 254 371 272 372 263 383 255 388 263 389 271 390
    class57.gif 289 316 307 316 298 325 292 330 298 331 304 331
    class57.gif 280 226 297 227 288 235 283 241 289 242 294 242
    class57.gif 356 196 369 196 362 205 358 211 362 210 367 211
    class57.gif 388 241 402 240 396 248 390 254 395 254 402 254
    class57.gif 354 309 370 310 361 316 356 323 360 324 366 324
    class57.gif 362 375 380 375 372 386 367 393 372 393 378 392
    class57.gif 353 446 372 445 363 457 357 463 363 463 370 463
    class57.gif 298 510 317 511 306 521 300 529 308 530 315 530
    class57.gif 491 501 511 500 500 510 494 518 501 518 507 518
    class57.gif 425 365 442 365 435 372 426 380 433 380 439 380
    class57.gif 493 361 510 360 502 372 495 378 502 379 510 377
    class57.gif 460 303 475 305 467 313 461 318 468 319 473 319
    class57.gif 488 260 503 259 495 268 490 274 496 274 501 272
    class57.gif 485 177 499 178 491 184 487 190 492 190 497 190
    class57.gif 587 338 605 338 596 347 590 355 596 356 605 354
    class57.gif 618 424 636 425 627 434 619 439 625 441 631 442
    class57.gif 680 510 699 509 691 521 682 528 689 530 698 529
    class57.gif 822 517 844 517 832 530 826 536 833 536 840 536
    class57.gif 978 506 998 504 987 515 982 524 988 523 995 522
    class57.gif 1141 527 1161 526 1153 536 1145 544 1152 545 1159 543
    class57.gif 1018 440 1038 440 1027 450 1022 458 1028 457 1036 457
    class57.gif 1178 435 1194 432 1185 443 1179 450 1185 449 1191 448
    class57.gif 1101 373 1119 374 1109 383 1102 390 1110 390 1116 389
    class57.gif 978 390 994 390 984 401 978 405 985 408 990 407
    class57.gif 853 432 872 430 862 439 856 446 864 448 869 447
    class57.gif 750 440 767 440 760 448 753 454 762 455 767 453
    class57.gif 684 395 701 394 693 405 687 409 693 410 700 410
    class57.gif 720 317 738 318 728 329 722 335 729 336 735 335
    class57.gif 802 400 820 399 811 407 806 415 811 416 817 414
    class57.gif 849 366 866 364 859 375 854 383 861 382 867 380
    class57.gif 957 323 973 324 964 332 960 338 965 338 971 338
    class57.gif 1068 334 1086 333 1077 343 1071 349 1078 349 1084 348
    class57.gif 991 272 1005 273 997 284 991 288 996 289 1001 289
    class57.gif 1119 288 1135 289 1127 300 1121 305 1127 306 1133 305
    class57.gif 1052 224 1069 226 1060 232 1054 238 1060 238 1064 238
    class57.gif 801 290 817 288 810 299 805 304 811 304 818 303
    class57.gif 835 268 849 269 841 276 836 280 841 281 846 281
    class57.gif 886 260 900 258 895 269 891 274 894 274 898 272
    class57.gif 950 230 965 230 958 234 952 242 956 241 963 241
    class57.gif 1007 202 1022 202 1014 212 1010 218 1015 217 1019 217
    class57.gif 887 198 900 198 894 205 889 210 894 210 900 210
    class57.gif 833 197 849 197 841 204 836 212 842 211 847 211
    class57.gif 741 254 757 253 749 263 744 268 750 268 756 268
    class57.gif 657 285 672 287 664 296 659 301 664 303 670 302
    class57.gif 582 271 598 270 591 279 585 287 591 286 597 286
    class57.gif 544 226 558 227 550 235 545 241 550 241 556 241
    class57.gif 605 186 619 185 611 195 607 201 611 201 617 201
    class57.gif 639 237 653 237 646 247 641 252 645 252 651 252
    class57.gif 714 181 729 179 721 190 717 196 722 195 727 194
    cpd.gif 180 148 239 140 221 198 197 219 220 219 237 215
    crimson.gif 247 429 366 414 315 523 273 570 315 562 366 559
    divinci-man1.gif 288 200 306 200 296 212 291 219 296 218 304 219
    er.gif 128 64 142 64 136 72 131 78 137 77 142 78
    er.gif 77 142 93 141 85 148 80 155 87 154 93 154
    er.gif 149 273 164 270 158 281 155 289 159 288 164 287
    er.gif 267 244 283 243 274 250 269 258 276 258 281 257
    er.gif 345 52 359 49 351 60 349 64 352 65 357 65
    er.gif 410 105 423 101 416 112 413 123 416 122 420 120
    ew-courtney-david.gif 92 77 118 75 108 94 100 104 108 103 117 103
    ew-courtney-david.gif 140 67 167 67 153 94 144 98 158 103 172 94
    ew-friends.gif 128 78 141 77 134 85 130 89 135 89 140 89
    ew-friends.gif 161 66 173 63 169 72 165 76 169 76 173 74
    ew-friends.gif 203 73 214 73 208 82 204 86 208 86 213 85
    ew-friends.gif 131 127 144 125 139 135 134 138 139 140 143 138
    ew-friends.gif 167 136 180 136 173 144 169 147 173 149 178 148
    ew-friends.gif 215 124 226 128 218 133 213 135 216 138 221 138
    gigi.gif 130 111 172 109 154 143 140 153 153 154 164 152
    gpripe.gif 19 32 37 31 28 42 24 50 30 50 36 50
    gpripe.gif 74 45 104 47 84 66 76 78 84 78 94 79
    herbie-hancock.gif 290 386 350 395 313 430 296 445 309 450 324 450
    jackson.gif 250 195 295 185 280 214 270 234 283 231 300 226
    john.coltrane.gif 102 171 176 168 138 216 122 249 140 248 160 248
    karen-and-rob.gif 97 217 118 212 110 227 104 235 112 235 120 231
    karen-and-rob.gif 205 53 229 53 216 67 207 74 217 75 224 74
    larroquette.gif 83 121 96 124 87 132 79 133 85 135 93 137
    larroquette.gif 119 109 132 111 125 117 119 122 123 123 127 123
    larroquette.gif 139 161 152 160 145 167 142 172 146 172 150 171
    larroquette.gif 187 140 200 139 194 148 189 152 193 153 199 153
    larroquette.gif 226 104 239 104 233 111 228 115 232 115 235 115
    larroquette.gif 268 152 281 152 275 162 270 165 275 166 280 164
    larroquette.gif 338 160 353 160 344 169 340 171 345 172 350 172
    larroquette.gif 382 127 394 122 391 133 391 139 395 137 397 134
    larroquette.gif 108 229 122 229 115 236 111 241 115 242 120 240
    lawoman.gif 58 104 80 106 71 123 62 131 70 131 77 131
    lawoman.gif 121 132 141 133 129 149 122 157 128 158 136 158
    lawoman.gif 181 131 200 132 187 149 183 156 188 156 193 156
    lawoman.gif 250 156 271 155 258 172 252 180 257 180 267 180
    life-cover.gif 281 352 334 337 301 385 302 410 315 407 332 403
    life-dreams.gif 902 344 912 344 907 350 903 354 907 355 910 354
    madaboutyou.gif 211 290 233 283 229 303 225 312 232 311 235 309
    madaboutyou.gif 404 292 426 290 416 304 408 315 416 313 421 313
    married.gif 46 108 66 103 62 120 58 128 63 127 68 126
    married.gif 177 53 199 54 188 73 181 78 187 78 194 78
    married.gif 301 68 322 67 311 84 306 90 311 90 318 90
    mickymouse-self-p.gif 424 271 440 269 432 278 429 285 435 285 441 284
    mickymouse-self-p.gif 562 332 615 328 587 377 572 391 588 398 611 387
    mona-lisa.gif 206 173 261 172 228 219 217 233 230 235 249 234
    natalie1.gif 184 258 373 253 272 399 199 456 270 463 365 449
    nens.gif 41 168 55 168 47 174 42 179 46 179 51 180
    nens.gif 95 173 109 172 102 179 98 183 103 183 106 183
    nens.gif 147 176 160 176 154 182 148 186 153 187 159 187
    nens.gif 195 169 208 169 202 176 197 179 203 180 208 178
    nens.gif 173 105 186 104 180 113 176 116 180 116 183 116
    nens.gif 123 114 136 112 129 120 127 124 130 124 134 124
    nens.gif 67 111 79 110 74 117 70 122 75 123 80 123
    nens.gif 20 92 35 93 28 99 22 104 26 104 31 105
    nens.gif 52 42 65 44 58 49 53 53 58 54 63 54
    nens.gif 100 33 113 35 106 41 101 44 105 45 110 46
    nens.gif 154 21 168 20 162 26 157 32 162 32 165 32
    nens.gif 206 29 219 29 212 37 206 41 212 41 216 42
    nens.gif 241 116 253 116 247 123 243 126 248 127 252 127
    nens.gif 157 241 171 240 164 249 160 253 165 254 168 253
    newsradio.gif 108 278 133 278 119 296 109 307 119 309 129 307
    newsradio.gif 229 196 253 195 243 215 236 223 244 223 253 221
    newsradio.gif 324 273 346 273 331 288 326 297 334 299 340 297
    newsradio.gif 395 226 419 220 410 238 405 249 414 249 430 238
    newsradio.gif 323 143 347 140 337 159 331 168 339 168 351 165
    newsradio.gif 241 98 263 95 255 110 250 120 257 119 265 117
    newsradio.gif 65 146 89 139 85 162 82 171 88 168 94 163
    newsradio.gif 149 181 172 184 160 198 149 206 157 206 165 207
    our-cards.gif 556 55 574 52 563 65 559 71 565 72 570 72
    our-cards.gif 121 796 145 794 135 805 127 814 135 814 141 816
    patio.gif 137 56 159 56 149 71 141 80 147 80 152 80
    police.gif 154 245 187 246 164 270 157 282 165 282 180 283
    police.gif 247 247 284 247 262 270 250 282 266 282 279 283
    police.gif 357 235 392 235 370 259 362 273 373 273 385 273
    rehg-thanksgiving-1994.gif 127 97 141 100 133 110 128 113 133 115 137 115
    rehg-thanksgiving-1994.gif 170 168 186 170 178 178 173 183 178 185 183 184
    rehg-thanksgiving-1994.gif 226 91 238 91 233 99 228 103 232 103 236 102
    rehg-thanksgiving-1994.gif 302 128 315 128 309 137 305 141 309 142 314 141
    rehg-thanksgiving-1994.gif 299 81 313 81 304 88 301 92 304 93 310 93
    rehg-thanksgiving-1994.gif 358 96 371 94 365 102 363 107 366 107 369 106
    rehg-thanksgiving-1994.gif 415 103 430 102 420 112 417 117 420 117 426 115
    sarah4.gif 130 179 204 171 172 229 148 252 175 254 199 245
    sarah_live_2.gif 122 125 354 120 239 304 159 346 235 368 318 342
    seinfeld.gif 107 57 122 56 113 67 108 72 113 73 119 72
    seinfeld.gif 167 69 183 69 175 79 171 82 176 84 182 82
    seinfeld.gif 244 65 260 65 252 73 247 78 253 78 258 78
    seinfeld.gif 331 55 345 52 338 63 335 70 338 70 344 68
    speed.gif 43 51 60 51 51 61 46 67 52 67 57 67
    tori-crucify.gif 160 171 199 171 177 200 166 213 179 213 193 212
    tori-entweekly.gif 210 166 284 156 243 211 224 249 246 241 272 237
    tori-live3.gif 210 59 242 62 227 76 218 88 227 88 235 90
    tress-photo-2.gif 156 140 166 139 161 144 159 148 162 148 164 148
    tress-photo.gif 180 152 195 151 190 159 183 164 190 165 195 162
    u2-cover.gif 207 222 264 224 234 245 208 259 230 260 263 259
    waynesworld2.gif 135 101 155 100 144 112 139 123 145 123 152 122
    waynesworld2.gif 263 74 284 75 272 86 264 92 273 93 279 93
    window.gif 128 54 143 57 134 66 128 71 132 71 137 73
    window.gif 219 55 237 54 229 65 223 71 228 71 234 71
    wxm.gif 45 36 62 38 53 48 46 52 52 54 59 53
    ysato.gif 83 87 112 86 99 109 92 121 98 122 106 122
    our-cards.gif 575 277 556 277 566 264 572 256 566 256 559 258
    our-cards.gif 96 988 76 989 84 977 92 965 85 967 78 967

# (Rowley, Baluja, Kanade; CMU)
rotated
    217.gif 87 137 133 125 118 166 102 184 127 187 148 170
    221.gif 129 173 218 147 189 215 162 250 195 243 227 235
    3.gif 123 163 186 149 170 202 141 229 173 227 196 218
    af2206b.gif 146 125 204 138 168 175 139 181 161 194 182 194
    af5302a.gif 184 48 202 55 186 63 176 65 183 73 195 73
    am4945a.gif 129 184 187 176 171 224 148 252 173 245 195 246
    am5020a.gif 93 110 137 102 121 138 105 152 124 151 141 146
    am5399c.gif 67 68 89 57 82 80 80 91 84 88 94 86
    am5438a.gif 137 137 192 155 157 200 125 203 149 214 167 218
    am5438b.gif 151 58 176 67 157 82 143 79 153 88 163 89
    am5528a.gif 100 102 144 114 112 144 86 149 107 164 132 162
    am6227a.gif 130 108 172 122 139 150 114 158 133 165 146 169
    ashley1.gif 81 84 103 61 108 87 103 103 118 97 121 82
    bf5275a.gif 99 105 134 113 111 126 97 134 109 140 122 141
    bm5205a.gif 105 93 144 106 115 119 99 128 112 134 128 138
    bm6290a.gif 113 105 157 118 129 137 107 154 122 156 134 161
    boerli01.gif 134 140 197 117 180 167 158 195 185 188 209 178
    cyndi4.gif 92 81 115 69 112 94 106 102 117 100 125 92
    dole2.gif 64 51 94 59 71 75 54 81 68 88 87 90
    eliz2.gif 112 69 134 58 130 81 125 91 135 90 146 79
    har-bwolen-hcwong-image7.gif 35 128 46 121 43 132 42 140 47 137 53 133
    har-bwolen-hcwong-image7.gif 123 94 148 92 137 112 126 121 138 122 148 121
    har-bwolen-hcwong-image7.gif 217 126 227 147 209 143 197 139 202 147 205 155
    har-wet.gif 285 343 298 334 297 348 294 354 299 353 306 348
    kaari.rot.gif 148 69 168 67 158 82 153 92 159 91 165 91
    kaari.rot.gif 198 183 237 164 230 202 220 221 238 218 251 203
    mapakent.gif 71 87 85 100 72 100 60 99 66 105 72 110
    mapakent.gif 81 51 97 42 93 57 90 66 95 63 104 60
    mir.gif 219 183 232 209 207 207 196 198 197 209 204 218
    mir.gif 227 344 253 339 243 360 234 370 245 371 258 366
    mir.gif 261 89 290 84 279 105 267 112 278 114 288 109
    mir.gif 403 82 426 64 423 90 418 104 431 100 438 90
    mir.gif 347 299 321 285 345 276 357 277 349 271 339 266
    mir2.gif 248 165 264 176 249 181 239 179 244 185 252 189
    mir2.gif 301 209 319 214 307 223 298 226 303 229 309 232
    mir2.gif 352 213 369 214 361 222 353 228 360 231 365 229
    mir2.gif 396 217 415 213 408 227 403 232 410 233 416 229
    mir2.gif 430 143 451 137 445 153 439 160 446 160 453 157
    mir2.gif 270 294 289 298 278 307 269 313 276 316 285 316
    mir2.gif 335 308 354 307 345 320 339 325 345 327 351 325
    mir2.gif 416 290 431 287 425 301 421 308 427 308 434 306
    pict_28.gif 78 157 124 138 115 187 101 206 127 206 147 186
    pict_6.gif 155 99 194 114 162 139 141 147 155 154 171 158
    rot1.gif 329 15 324 52 299 30 294 11 286 28 288 44
    rot1.gif 292 225 293 262 265 242 256 227 256 241 254 257
    rot1.gif 166 171 167 202 146 187 137 176 137 188 138 199
    rot1.gif 194 559 203 531 221 552 226 566 230 556 232 546
    rot1.gif 163 412 147 413 155 403 160 399 154 398 149 400
    rot1.gif 242 406 227 409 232 399 237 393 231 393 226 395
    rot1.gif 313 402 300 406 304 395 309 391 302 391 297 394
    rot10.gif 194 149 222 138 210 164 208 176 214 173 226 171
    rot11.gif 76 48 94 40 90 58 87 66 92 64 101 58
    rot12.gif 93 244 111 239 103 259 101 270 105 268 113 267
    rot2.gif 281 111 291 96 293 112 296 122 301 116 305 108
    rot3.gif 75 106 99 113 82 131 67 134 78 141 89 140
    rot4.gif 176 86 185 78 184 88 185 96 188 93 191 91
    rot5.gif 111 158 136 165 120 180 102 182 113 188 126 188
    rot5.gif 212 154 236 142 229 168 224 179 233 177 244 172
    rot6.gif 121 115 133 106 133 119 132 126 137 122 142 119
    rot6.gif 93 83 105 81 100 92 97 94 101 95 106 93
    rot6.gif 42 77 56 75 51 85 45 88 52 89 57 87
    rot6.gif 196 68 208 69 201 75 195 79 200 81 206 81
    rot6.gif 297 65 311 65 303 72 298 79 303 79 308 78
    rot6.gif 380 75 394 72 387 84 383 89 388 89 394 87
    rot6.gif 444 104 457 107 447 113 442 115 446 117 452 117
    rot7.gif 249 110 270 135 254 137 233 138 247 147 251 160
    rot8.gif 362 161 414 178 379 206 350 209 370 218 391 225
    rot9.gif 388 205 387 223 377 214 371 209 370 213 370 218
    siggi.gif 43 71 67 58 66 85 60 93 69 90 80 82
    tf5189a.gif 120 101 163 119 131 140 107 144 123 158 143 159
    tf5581a.gif 83 171 151 198 94 238 68 237 87 262 131 260
    tm6109a.gif 109 86 151 99 121 122 98 129 114 140 132 140
    werbg04.gif 100 190 179 164 162 244 131 265 167 261 206 241
    cast1.gif 157 167 144 211 130 183 116 157 110 177 104 194
    cast1.gif 151 277 184 298 157 308 135 315 148 321 158 329
    cast1.gif 263 309 297 291 290 316 285 341 297 332 312 326
    cast1.gif 385 211 378 176 401 190 420 201 415 187 415 170
    cast1.gif 273 146 235 147 252 119 268 104 252 105 237 106
    married2.gif 56 64 75 60 74 76 65 84 75 82 79 80
    married2.gif 112 46 131 35 125 55 121 64 129 63 139 56
    sbCelSte.gif 115 174 183 207 127 241 94 242 116 263 141 265
    sbCelSte.gif 294 264 347 234 339 290 324 311 350 309 374 286
    jprc.gif 133 306 155 326 130 333 112 334 123 344 132 352
    jprc.gif 195 442 228 432 218 457 209 471 222 468 235 463
    jprc.gif 274 390 288 362 302 391 305 403 311 397 314 387
    jprc.gif 319 292 312 260 336 272 347 283 349 271 343 258
    jprc.gif 330 158 300 153 320 131 331 123 321 121 308 121
    jprc.gif 227 189 209 217 199 190 196 174 189 185 182 196
    rot-mei-family.gif 2052 571 2075 558 2072 581 2067 590 2077 588 2086 580
    rot-mei-family.gif 1649 318 1664 307 1661 317 1659 325 1663 322 1668 320
    rot-mei-family.gif 1568 382 1581 377 1578 387 1574 394 1580 393 1585 390
    rot-mei-family.gif 1778 322 1791 314 1792 328 1789 335 1795 333 1799 329
    rot-mei-family.gif 1880 301 1890 298 1887 303 1884 309 1888 309 1892 308
    rot-mei-family.gif 1904 259 1919 252 1915 265 1913 273 1917 270 1922 267
    rot-mei-family.gif 1988 206 2000 198 1999 210 1998 219 2002 216 2008 213
    rot-mei-family.gif 2058 152 2073 144 2071 159 2070 166 2075 163 2079 160
    rot-mei-family.gif 2145 93 2159 85 2157 98 2157 108 2161 104 2166 103
    rot-mei-family.gif 2260 77 2273 70 2272 82 2270 90 2276 87 2282 83
    rot-mei-family.gif 2173 265 2187 259 2185 272 2183 278 2188 276 2191 273
    rot-mei-family.gif 2187 225 2202 217 2200 234 2198 241 2205 239 2210 233
    rot-mei-family.gif 2290 158 2305 153 2301 167 2298 177 2304 175 2311 172
    rot-mei-family.gif 2063 279 2078 271 2077 285 2074 295 2081 292 2087 287
    rot-mei-family.gif 2308 298 2330 288 2324 306 2320 314 2329 312 2336 305
    rot-mei-family.gif 2217 344 2237 338 2228 352 2226 362 2231 361 2238 358
    rot-mei-family.gif 2336 388 2359 380 2356 395 2348 408 2357 405 2366 403
    rot-mei-family.gif 2420 364 2439 354 2437 374 2431 383 2441 381 2449 376
    rot-mei-family.gif 2269 480 2292 468 2289 488 2282 500 2294 498 2300 488
    rot-mei-family.gif 2092 407 2113 399 2107 415 2103 423 2110 423 2115 418
    rot-mei-family.gif 2025 450 2043 440 2040 457 2037 466 2043 464 2051 459
    rot-mei-family.gif 1973 356 1989 347 1985 362 1984 372 1990 369 1996 365
    rot-mei-family.gif 1881 394 1898 388 1895 402 1891 410 1899 409 1906 404
    rot-mei-family.gif 1793 436 1806 429 1804 441 1801 451 1807 448 1813 444
    rot-mei-family.gif 1911 500 1931 490 1928 506 1926 516 1931 513 1938 509
    rot-mei-family.gif 2167 517 2193 513 2182 530 2173 540 2183 542 2195 537
    rot-mei-family.gif 1998 623 2024 611 2018 633 2012 643 2024 643 2032 633
    rot-mei-family.gif 2187 647 2209 637 2205 654 2198 663 2207 662 2217 656
    rot-mei-family.gif 1914 672 1936 659 1931 679 1927 688 1936 687 1943 680
    rot-mei-family.gif 1707 372 1719 365 1718 378 1716 386 1721 385 1726 380
    rot-mei-family.gif 1634 419 1647 412 1647 426 1645 435 1650 432 1655 429
    rot-mei-family.gif 2063 825 2085 816 2078 830 2080 846 2085 843 2091 842
    rot-mei-family.gif 1957 922 1977 912 1972 928 1972 938 1977 936 1983 934
    rot-mei-family.gif 1808 903 1831 893 1826 910 1820 922 1829 921 1835 915
    rot-mei-family.gif 1757 733 1779 718 1777 740 1775 752 1780 748 1785 743
    rot-mei-family.gif 1830 686 1847 676 1847 694 1845 705 1852 703 1859 696
    rot-mei-family.gif 1782 596 1802 586 1798 603 1795 613 1803 611 1809 606
    rot-mei-family.gif 1706 497 1722 489 1720 504 1718 512 1723 512 1728 507
    rot-mei-family.gif 1803 534 1822 525 1820 546 1814 553 1823 551 1831 545
    rot-mei-family.gif 1667 630 1683 618 1683 634 1682 644 1688 642 1695 637
    rot-mei-family.gif 1628 549 1645 540 1643 555 1640 562 1645 561 1652 555
    rot-mei-family.gif 1567 478 1580 469 1580 481 1578 489 1583 487 1589 482
    rot-mei-family.gif 1454 455 1466 451 1464 459 1464 466 1469 466 1471 463
    rot-mei-family.gif 1457 486 1466 482 1465 488 1462 494 1467 493 1471 489
    rot-mei-family.gif 1491 521 1508 514 1502 526 1500 532 1506 531 1512 529
    rot-mei-family.gif 1668 787 1686 777 1685 797 1680 807 1688 805 1695 799
    rot-mei-family.gif 1677 921 1699 912 1696 930 1690 936 1698 935 1704 931
    rot-mei-family.gif 1473 1106 1494 1092 1495 1114 1493 1129 1499 1125 1505 1120
    rot-mei-family.gif 1615 1050 1632 1040 1631 1055 1629 1066 1635 1063 1641 1058
    rot-mei-family.gif 1475 908 1493 896 1492 918 1488 930 1495 925 1507 920
    rot-mei-family.gif 1561 847 1582 839 1579 859 1572 868 1581 868 1589 862
    rot-mei-family.gif 1496 757 1516 747 1514 767 1510 775 1517 772 1523 767
    rot-mei-family.gif 1580 694 1600 685 1596 703 1592 712 1598 711 1605 705
    rot-mei-family.gif 1355 522 1368 515 1367 527 1362 533 1368 532 1374 528
    rot-mei-family.gif 1444 556 1460 547 1457 561 1455 567 1459 565 1465 560
    rot-mei-family.gif 1546 603 1560 595 1557 607 1555 616 1560 615 1565 612
    rot-mei-family.gif 1461 657 1476 649 1474 662 1471 669 1477 667 1482 663
    rot-mei-family.gif 1376 685 1393 676 1392 692 1390 700 1395 698 1400 695
    rot-mei-family.gif 1361 592 1376 583 1374 597 1373 604 1378 602 1383 599
    rot-mei-family.gif 1259 626 1265 618 1266 628 1264 634 1268 633 1270 630
    rot-mei-family.gif 1287 628 1304 626 1297 639 1292 645 1299 645 1305 645
    rot-mei-family.gif 1246 576 1258 569 1257 580 1256 588 1261 586 1265 584
    rot-mei-family.gif 1392 803 1411 791 1410 807 1406 816 1413 813 1418 809
    rot-mei-family.gif 1138 636 1153 629 1151 641 1148 648 1153 646 1160 643
    rot-mei-family.gif 1178 696 1193 688 1190 699 1188 707 1193 704 1197 701
    rot-mei-family.gif 1028 692 1041 684 1039 694 1037 703 1042 701 1047 697
    rot-mei-family.gif 1043 782 1059 773 1056 787 1053 794 1060 792 1065 788
    rot-mei-family.gif 1131 759 1144 752 1141 764 1140 772 1145 770 1152 766
    rot-mei-family.gif 1262 767 1278 755 1279 770 1277 779 1283 776 1287 772
    rot-mei-family.gif 1372 868 1389 856 1388 870 1384 882 1392 879 1399 872
    rot-mei-family.gif 1277 877 1296 867 1293 883 1290 894 1297 890 1303 888
    rot-mei-family.gif 1204 818 1221 810 1217 825 1216 835 1221 831 1229 827
    rot-mei-family.gif 1127 861 1145 851 1145 866 1142 876 1148 873 1154 869
    rot-mei-family.gif 899 734 909 727 909 737 908 744 911 741 914 738
    rot-mei-family.gif 820 825 833 821 831 832 827 838 834 838 839 833
    rot-mei-family.gif 930 779 942 770 942 783 939 789 944 788 948 782
    rot-mei-family.gif 679 898 694 892 690 901 686 910 693 908 698 906
    rot-mei-family.gif 1265 1265 1286 1254 1285 1273 1279 1282 1287 1281 1293 1275
    rot-mei-family.gif 1397 1255 1414 1242 1412 1255 1411 1267 1415 1264 1421 1259
    rot-mei-family.gif 1355 969 1375 960 1371 980 1369 992 1377 988 1385 984
    rot-mei-family.gif 651 1028 666 1016 665 1031 661 1038 668 1036 673 1031
    rot-mei-family.gif 700 1418 724 1412 717 1430 710 1439 718 1440 727 1436
    rot-mei-family.gif 757 1447 775 1436 770 1447 769 1459 775 1455 781 1452
    rot-mei-family.gif 1114 1388 1137 1378 1132 1392 1129 1403 1135 1400 1142 1396
    rot-mei-family.gif 101 1291 113 1283 111 1292 109 1299 113 1298 116 1296
    rot-mei-family.gif 142 1365 154 1354 156 1365 152 1376 158 1373 164 1369
    rot-mei-family.gif 140 1459 162 1450 158 1465 151 1475 160 1472 166 1467
    rot-mei-family.gif 171 1546 189 1533 189 1551 184 1561 194 1557 198 1551
    rot-mei-family.gif 359 1705 380 1690 380 1710 376 1725 383 1723 390 1717
    rot-mei-family.gif 427 1591 449 1581 447 1600 443 1612 450 1609 456 1605
    rot-mei-family.gif 526 1538 547 1521 549 1543 544 1556 554 1552 561 1540
    rot-mei-family.gif 633 1545 654 1531 653 1549 649 1562 656 1555 662 1551
    rot-mei-family.gif 752 1348 773 1336 772 1354 766 1367 775 1362 783 1353
    rot-mei-family.gif 853 1317 871 1303 873 1321 865 1333 875 1329 882 1321
    rot-mei-family.gif 951 1274 968 1267 966 1287 960 1297 969 1295 974 1291
    rot-mei-family.gif 993 1278 1008 1270 1005 1282 1005 1293 1009 1289 1014 1289
    rot-mei-family.gif 1044 1229 1048 1209 1061 1220 1068 1233 1070 1222 1073 1215
    rot-mei-family.gif 273 1483 292 1470 290 1486 286 1498 294 1494 300 1489
    rot-mei-family.gif 237 1393 256 1386 253 1399 249 1408 255 1406 263 1402
    rot-mei-family.gif 224 1305 238 1296 238 1306 236 1316 242 1314 246 1310
    rot-mei-family.gif 308 1233 323 1222 321 1237 319 1246 326 1243 332 1238
    rot-mei-family.gif 374 1434 394 1422 393 1439 387 1448 396 1445 403 1440
    rot-mei-family.gif 332 1345 348 1333 349 1352 347 1362 354 1356 360 1351
    rot-mei-family.gif 427 1287 443 1272 445 1289 444 1299 449 1296 455 1291
    rot-mei-family.gif 502 1363 518 1353 517 1369 514 1382 522 1377 531 1371
    rot-mei-family.gif 350 1127 366 1119 363 1132 360 1141 368 1139 372 1135
    rot-mei-family.gif 369 1202 382 1193 381 1203 379 1214 386 1210 392 1206
    rot-mei-family.gif 437 1155 453 1147 451 1161 449 1172 457 1169 461 1163
    rot-mei-family.gif 541 1009 556 1001 554 1013 551 1020 556 1017 561 1014
    rot-mei-family.gif 458 1068 466 1055 470 1067 476 1073 477 1069 480 1065
    rot-mei-family.gif 794 928 809 921 808 933 806 941 812 938 816 935
    rot-mei-family.gif 961 838 976 829 975 841 973 851 979 847 984 844
    rot-mei-family.gif 1054 916 1065 905 1069 916 1066 926 1071 922 1075 918
    rot-mei-family.gif 1117 971 1135 959 1136 978 1133 989 1139 985 1146 978
    rot-mei-family.gif 1264 1001 1286 991 1280 1009 1276 1019 1283 1018 1290 1014
    rot-mei-family.gif 1203 933 1220 922 1220 938 1219 949 1226 946 1232 940
    rot-mei-family.gif 1220 1072 1242 1062 1240 1079 1232 1089 1242 1088 1249 1081
    rot-mei-family.gif 1132 1147 1153 1135 1151 1149 1145 1162 1154 1159 1162 1153
    rot-mei-family.gif 868 871 883 862 883 877 880 884 885 881 891 878
    rot-mei-family.gif 968 947 983 938 983 951 979 960 986 957 993 953
    rot-mei-family.gif 1032 1015 1049 1005 1051 1023 1046 1033 1053 1030 1059 1026
    rot-mei-family.gif 580 1059 595 1050 594 1062 591 1071 598 1068 604 1065
    rot-mei-family.gif 523 1107 538 1096 538 1110 537 1118 542 1115 547 1111
    rot-mei-family.gif 722 985 737 980 735 989 728 999 737 997 743 992
    rot-mei-family.gif 812 1036 828 1025 828 1040 825 1052 832 1047 839 1040
    rot-mei-family.gif 889 995 905 983 906 1000 903 1008 909 1003 914 1000
    rot-mei-family.gif 878 1167 896 1156 895 1173 892 1184 900 1181 905 1172
    rot-mei-family.gif 786 1210 803 1199 803 1215 800 1226 806 1224 811 1220
    rot-mei-family.gif 742 1076 757 1064 758 1080 757 1090 764 1086 767 1082
    rot-mei-family.gif 654 1131 670 1121 671 1135 669 1145 675 1142 680 1136
    rot-mei-family.gif 511 1229 524 1219 526 1232 522 1243 529 1239 535 1232
    rot-mei-family.gif 587 1197 603 1186 602 1201 598 1211 604 1209 610 1201
    rot-mei-family.gif 679 1235 696 1224 694 1241 691 1251 699 1247 707 1242
    rot-mei-family.gif 594 1301 610 1289 611 1305 607 1316 614 1312 622 1305
    rot-mei-family.gif 963 1084 981 1074 982 1092 977 1102 984 1099 989 1093
